     21.5621     0.782796    0.0959926      1.50614     0.468213     -1.00428      1.01961    -0.207429    -0.494937  -0.00152786     -1.10431    -0.605127     0.028387    -0.011664    0.0341254    -0.285972  -0.00120398
    0.782796        7.039 -8.23241e-07      1.25294      0.51302     -1.20363    -0.255581    -0.331392   -0.0466314   0.00168707      2.76363     0.155378    -0.229877     0.846021    -0.203972     0.010326  0.000593462
   0.0959926 -8.23241e-07       0.1037            0            0            0            0            0            0            0            0            0            0            0            0            0            0
     1.50614      1.25294            0      1.24898    0.0530572    -0.464172   -0.0388796   -0.0447275   -0.0115177   0.00207835            0            0            0            0            0            0            0
    0.468213      0.51302            0    0.0530572      1.79666    0.0393647    -0.630685   -0.0500022     0.184122  0.000112842            0            0            0            0            0            0            0
    -1.00428     -1.20363            0    -0.464172    0.0393647     0.737476   -0.0372482     0.190403    0.0805163  -0.00230025            0            0            0            0            0            0            0
     1.01961    -0.255581            0   -0.0388796    -0.630685   -0.0372482      1.10308    0.0606587    -0.413657  -0.00032439            0            0            0            0            0            0            0
   -0.207429    -0.331392            0   -0.0447275   -0.0500022     0.190403    0.0606587    0.0990964  -0.00323296   0.00213997            0            0            0            0            0            0            0
   -0.494937   -0.0466314            0   -0.0115177     0.184122    0.0805163    -0.413657  -0.00323296     0.243665  9.91765e-09            0            0            0            0            0            0            0
 -0.00152786   0.00168707            0   0.00207835  0.000112842  -0.00230025  -0.00032439   0.00213997  9.91765e-09       0.0027            0            0            0            0            0            0            0
    -1.10431      2.76363            0            0            0            0            0            0            0            0      3.11407     0.109412    -0.029585      1.08834   -0.0109237   -0.0801203  0.000308436
   -0.605127     0.155378            0            0            0            0            0            0            0            0     0.109412      3.20141     0.293552   -0.0223543     0.389764  -0.00735487    -0.002536
    0.028387    -0.229877            0            0            0            0            0            0            0            0    -0.029585     0.293552     0.209613   -0.0410367     0.202344   0.00554372 -0.000758755
   -0.011664     0.846021            0            0            0            0            0            0            0            0      1.08834   -0.0223543   -0.0410367     0.568742   -0.0285021    -0.154625  0.000682698
   0.0341254    -0.203972            0            0            0            0            0            0            0            0   -0.0109237     0.389764     0.202344   -0.0285021     0.215854   0.00154328  -0.00100588
   -0.285972     0.010326            0            0            0            0            0            0            0            0   -0.0801203  -0.00735487   0.00554372    -0.154625   0.00154328     0.243669  9.91765e-09
 -0.00120398  0.000593462            0            0            0            0            0            0            0            0  0.000308436    -0.002536 -0.000758755  0.000682698  -0.00100588  9.91765e-09       0.0027


     21.5621     0.782796    0.0959926      1.50614     0.468213     -1.00428      1.01961    -0.207429    -0.494937  -0.00152786     -1.10431    -0.605127     0.028387    -0.011664    0.0341254    -0.285972  -0.00120398
    0.782796        7.039 -8.23241e-07      1.25294      0.51302     -1.20363    -0.255581    -0.331392   -0.0466314   0.00168707      2.76363     0.155378    -0.229877     0.846021    -0.203972     0.010326  0.000593462
   0.0959926 -8.23241e-07       0.1037            0            0            0            0            0            0            0            0            0            0            0            0            0            0
     1.50614      1.25294            0      1.24898    0.0530572    -0.464172   -0.0388796   -0.0447275   -0.0115177   0.00207835            0            0            0            0            0            0            0
    0.468213      0.51302            0    0.0530572      1.79666    0.0393647    -0.630685   -0.0500022     0.184122  0.000112842            0            0            0            0            0            0            0
    -1.00428     -1.20363            0    -0.464172    0.0393647     0.737476   -0.0372482     0.190403    0.0805163  -0.00230025            0            0            0            0            0            0            0
     1.01961    -0.255581            0   -0.0388796    -0.630685   -0.0372482      1.10308    0.0606587    -0.413657  -0.00032439            0            0            0            0            0            0            0
   -0.207429    -0.331392            0   -0.0447275   -0.0500022     0.190403    0.0606587    0.0990964  -0.00323296   0.00213997            0            0            0            0            0            0            0
   -0.494937   -0.0466314            0   -0.0115177     0.184122    0.0805163    -0.413657  -0.00323296     0.243665  9.91765e-09            0            0            0            0            0            0            0
 -0.00152786   0.00168707            0   0.00207835  0.000112842  -0.00230025  -0.00032439   0.00213997  9.91765e-09       0.0027            0            0            0            0            0            0            0
    -1.10431      2.76363            0            0            0            0            0            0            0            0      3.11407     0.109412    -0.029585      1.08834   -0.0109237   -0.0801203  0.000308436
   -0.605127     0.155378            0            0            0            0            0            0            0            0     0.109412      3.20141     0.293552   -0.0223543     0.389764  -0.00735487    -0.002536
    0.028387    -0.229877            0            0            0            0            0            0            0            0    -0.029585     0.293552     0.209613   -0.0410367     0.202344   0.00554372 -0.000758755
   -0.011664     0.846021            0            0            0            0            0            0            0            0      1.08834   -0.0223543   -0.0410367     0.568742   -0.0285021    -0.154625  0.000682698
   0.0341254    -0.203972            0            0            0            0            0            0            0            0   -0.0109237     0.389764     0.202344   -0.0285021     0.215854   0.00154328  -0.00100588
   -0.285972     0.010326            0            0            0            0            0            0            0            0   -0.0801203  -0.00735487   0.00554372    -0.154625   0.00154328     0.243669  9.91765e-09
 -0.00120398  0.000593462            0            0            0            0            0            0            0            0  0.000308436    -0.002536 -0.000758755  0.000682698  -0.00100588  9.91765e-09       0.0027


     21.5621     0.782796    0.0959926      1.50614     0.468213     -1.00428      1.01961    -0.207429    -0.494937  -0.00152786     -1.10431    -0.605127     0.028387    -0.011664    0.0341254    -0.285972  -0.00120398
    0.782796        7.039 -8.23241e-07      1.25294      0.51302     -1.20363    -0.255581    -0.331392   -0.0466314   0.00168707      2.76363     0.155378    -0.229877     0.846021    -0.203972     0.010326  0.000593462
   0.0959926 -8.23241e-07       0.1037            0            0            0            0            0            0            0            0            0            0            0            0            0            0
     1.50614      1.25294            0      1.24898    0.0530572    -0.464172   -0.0388796   -0.0447275   -0.0115177   0.00207835            0            0            0            0            0            0            0
    0.468213      0.51302            0    0.0530572      1.79666    0.0393647    -0.630685   -0.0500022     0.184122  0.000112842            0            0            0            0            0            0            0
    -1.00428     -1.20363            0    -0.464172    0.0393647     0.737476   -0.0372482     0.190403    0.0805163  -0.00230025            0            0            0            0            0            0            0
     1.01961    -0.255581            0   -0.0388796    -0.630685   -0.0372482      1.10308    0.0606587    -0.413657  -0.00032439            0            0            0            0            0            0            0
   -0.207429    -0.331392            0   -0.0447275   -0.0500022     0.190403    0.0606587    0.0990964  -0.00323296   0.00213997            0            0            0            0            0            0            0
   -0.494937   -0.0466314            0   -0.0115177     0.184122    0.0805163    -0.413657  -0.00323296     0.243665  9.91765e-09            0            0            0            0            0            0            0
 -0.00152786   0.00168707            0   0.00207835  0.000112842  -0.00230025  -0.00032439   0.00213997  9.91765e-09       0.0027            0            0            0            0            0            0            0
    -1.10431      2.76363            0            0            0            0            0            0            0            0      3.11407     0.109412    -0.029585      1.08834   -0.0109237   -0.0801203  0.000308436
   -0.605127     0.155378            0            0            0            0            0            0            0            0     0.109412      3.20141     0.293552   -0.0223543     0.389764  -0.00735487    -0.002536
    0.028387    -0.229877            0            0            0            0            0            0            0            0    -0.029585     0.293552     0.209613   -0.0410367     0.202344   0.00554372 -0.000758755
   -0.011664     0.846021            0            0            0            0            0            0            0            0      1.08834   -0.0223543   -0.0410367     0.568742   -0.0285021    -0.154625  0.000682698
   0.0341254    -0.203972            0            0            0            0            0            0            0            0   -0.0109237     0.389764     0.202344   -0.0285021     0.215854   0.00154328  -0.00100588
   -0.285972     0.010326            0            0            0            0            0            0            0            0   -0.0801203  -0.00735487   0.00554372    -0.154625   0.00154328     0.243669  9.91765e-09
 -0.00120398  0.000593462            0            0            0            0            0            0            0            0  0.000308436    -0.002536 -0.000758755  0.000682698  -0.00100588  9.91765e-09       0.0027


     44.2521      1.73805    0.0592314     -3.06377      5.81691    -0.315587     -1.65827    -0.275321    -0.641215  0.000260982     -1.15025     -3.33537    -0.891833      2.17934    0.0156754    -0.375673   0.00267492
     1.73805      10.9803 -3.42097e-05    -0.470235      2.12364     0.485297    -0.498797    -0.170865    0.0766965   0.00142002      1.07341      2.23568    -0.808399     -1.36428   0.00620759    -0.172118  0.000286725
   0.0592314 -3.42097e-05       0.1037            0            0            0            0            0            0            0            0            0            0            0            0            0            0
    -3.06377    -0.470235            0       3.0925    -0.263934      1.07344     0.806176   0.00140184     0.524177   -0.0021571            0            0            0            0            0            0            0
     5.81691      2.12364            0    -0.263934       3.7116     0.502631     -1.38287    -0.342121   -0.0618922  0.000178145            0            0            0            0            0            0            0
   -0.315587     0.485297            0      1.07344     0.502631     0.723667     0.130628   -0.0521837     0.322675   0.00177086            0            0            0            0            0            0            0
    -1.65827    -0.498797            0     0.806176     -1.38287     0.130628      1.07141     0.205333     0.194831  -0.00133778            0            0            0            0            0            0            0
   -0.275321    -0.170865            0   0.00140184    -0.342121   -0.0521837     0.205333    0.0837091  -0.00329838   0.00224789            0            0            0            0            0            0            0
   -0.641215    0.0766965            0     0.524177   -0.0618922     0.322675     0.194831  -0.00329838     0.243303  9.91765e-09            0            0            0            0            0            0            0
 0.000260982   0.00142002            0   -0.0021571  0.000178145   0.00177086  -0.00133778   0.00224789  9.91765e-09       0.0027            0            0            0            0            0            0            0
    -1.15025      1.07341            0            0            0            0            0            0            0            0     0.948534      0.88514     0.735986    -0.435159  -0.00520348     0.341657  0.000992077
    -3.33537      2.23568            0            0            0            0            0            0            0            0      0.88514      2.30415     0.704642    -0.857083   -0.0124825     0.273778  -0.00195091
   -0.891833    -0.808399            0            0            0            0            0            0            0            0     0.735986     0.704642      1.21137  0.000449356   -0.0114027     0.458522  0.000105902
     2.17934     -1.36428            0            0            0            0            0            0            0            0    -0.435159    -0.857083  0.000449356      1.20403   0.00146997    -0.097172  5.73849e-06
   0.0156754   0.00620759            0            0            0            0            0            0            0            0  -0.00520348   -0.0124825   -0.0114027   0.00146997    0.0103876  -0.00402959   0.00269999
   -0.375673    -0.172118            0            0            0            0            0            0            0            0     0.341657     0.273778     0.458522    -0.097172  -0.00402959     0.243672  9.91765e-09
  0.00267492  0.000286725            0            0            0            0            0            0            0            0  0.000992077  -0.00195091  0.000105902  5.73849e-06   0.00269999  9.91765e-09       0.0027


     44.2521      1.73805    0.0592314     -3.06377      5.81691    -0.315587     -1.65827    -0.275321    -0.641215  0.000260982     -1.15025     -3.33537    -0.891833      2.17934    0.0156754    -0.375673   0.00267492
     1.73805      10.9803 -3.42097e-05    -0.470235      2.12364     0.485297    -0.498797    -0.170865    0.0766965   0.00142002      1.07341      2.23568    -0.808399     -1.36428   0.00620759    -0.172118  0.000286725
   0.0592314 -3.42097e-05       0.1037            0            0            0            0            0            0            0            0            0            0            0            0            0            0
    -3.06377    -0.470235            0       3.0925    -0.263934      1.07344     0.806176   0.00140184     0.524177   -0.0021571            0            0            0            0            0            0            0
     5.81691      2.12364            0    -0.263934       3.7116     0.502631     -1.38287    -0.342121   -0.0618922  0.000178145            0            0            0            0            0            0            0
   -0.315587     0.485297            0      1.07344     0.502631     0.723667     0.130628   -0.0521837     0.322675   0.00177086            0            0            0            0            0            0            0
    -1.65827    -0.498797            0     0.806176     -1.38287     0.130628      1.07141     0.205333     0.194831  -0.00133778            0            0            0            0            0            0            0
   -0.275321    -0.170865            0   0.00140184    -0.342121   -0.0521837     0.205333    0.0837091  -0.00329838   0.00224789            0            0            0            0            0            0            0
   -0.641215    0.0766965            0     0.524177   -0.0618922     0.322675     0.194831  -0.00329838     0.243303  9.91765e-09            0            0            0            0            0            0            0
 0.000260982   0.00142002            0   -0.0021571  0.000178145   0.00177086  -0.00133778   0.00224789  9.91765e-09       0.0027            0            0            0            0            0            0            0
    -1.15025      1.07341            0            0            0            0            0            0            0            0     0.948534      0.88514     0.735986    -0.435159  -0.00520348     0.341657  0.000992077
    -3.33537      2.23568            0            0            0            0            0            0            0            0      0.88514      2.30415     0.704642    -0.857083   -0.0124825     0.273778  -0.00195091
   -0.891833    -0.808399            0            0            0            0            0            0            0            0     0.735986     0.704642      1.21137  0.000449356   -0.0114027     0.458522  0.000105902
     2.17934     -1.36428            0            0            0            0            0            0            0            0    -0.435159    -0.857083  0.000449356      1.20403   0.00146997    -0.097172  5.73849e-06
   0.0156754   0.00620759            0            0            0            0            0            0            0            0  -0.00520348   -0.0124825   -0.0114027   0.00146997    0.0103876  -0.00402959   0.00269999
   -0.375673    -0.172118            0            0            0            0            0            0            0            0     0.341657     0.273778     0.458522    -0.097172  -0.00402959     0.243672  9.91765e-09
  0.00267492  0.000286725            0            0            0            0            0            0            0            0  0.000992077  -0.00195091  0.000105902  5.73849e-06   0.00269999  9.91765e-09       0.0027


     44.2521      1.73805    0.0592314     -3.06377      5.81691    -0.315587     -1.65827    -0.275321    -0.641215  0.000260982     -1.15025     -3.33537    -0.891833      2.17934    0.0156754    -0.375673   0.00267492
     1.73805      10.9803 -3.42097e-05    -0.470235      2.12364     0.485297    -0.498797    -0.170865    0.0766965   0.00142002      1.07341      2.23568    -0.808399     -1.36428   0.00620759    -0.172118  0.000286725
   0.0592314 -3.42097e-05       0.1037            0            0            0            0            0            0            0            0            0            0            0            0            0            0
    -3.06377    -0.470235            0       3.0925    -0.263934      1.07344     0.806176   0.00140184     0.524177   -0.0021571            0            0            0            0            0            0            0
     5.81691      2.12364            0    -0.263934       3.7116     0.502631     -1.38287    -0.342121   -0.0618922  0.000178145            0            0            0            0            0            0            0
   -0.315587     0.485297            0      1.07344     0.502631     0.723667     0.130628   -0.0521837     0.322675   0.00177086            0            0            0            0            0            0            0
    -1.65827    -0.498797            0     0.806176     -1.38287     0.130628      1.07141     0.205333     0.194831  -0.00133778            0            0            0            0            0            0            0
   -0.275321    -0.170865            0   0.00140184    -0.342121   -0.0521837     0.205333    0.0837091  -0.00329838   0.00224789            0            0            0            0            0            0            0
   -0.641215    0.0766965            0     0.524177   -0.0618922     0.322675     0.194831  -0.00329838     0.243303  9.91765e-09            0            0            0            0            0            0            0
 0.000260982   0.00142002            0   -0.0021571  0.000178145   0.00177086  -0.00133778   0.00224789  9.91765e-09       0.0027            0            0            0            0            0            0            0
    -1.15025      1.07341            0            0            0            0            0            0            0            0     0.948534      0.88514     0.735986    -0.435159  -0.00520348     0.341657  0.000992077
    -3.33537      2.23568            0            0            0            0            0            0            0            0      0.88514      2.30415     0.704642    -0.857083   -0.0124825     0.273778  -0.00195091
   -0.891833    -0.808399            0            0            0            0            0            0            0            0     0.735986     0.704642      1.21137  0.000449356   -0.0114027     0.458522  0.000105902
     2.17934     -1.36428            0            0            0            0            0            0            0            0    -0.435159    -0.857083  0.000449356      1.20403   0.00146997    -0.097172  5.73849e-06
   0.0156754   0.00620759            0            0            0            0            0            0            0            0  -0.00520348   -0.0124825   -0.0114027   0.00146997    0.0103876  -0.00402959   0.00269999
   -0.375673    -0.172118            0            0            0            0            0            0            0            0     0.341657     0.273778     0.458522    -0.097172  -0.00402959     0.243672  9.91765e-09
  0.00267492  0.000286725            0            0            0            0            0            0            0            0  0.000992077  -0.00195091  0.000105902  5.73849e-06   0.00269999  9.91765e-09       0.0027


     22.4139      -0.6307    0.0855824     0.679193     -1.21195    -0.205437    -0.404556    -0.178295     0.114422 -0.000525128     -1.48962      1.60823     0.901971    -0.200739    0.0865259     0.046677  0.000144093
     -0.6307        5.927  5.96239e-05      1.10143     -1.42261    -0.372048    -0.673582    -0.258727   -0.0179072   0.00153473      1.03682     -1.30918    -0.956156      0.48817  -0.00624606    -0.164164  0.000396962
   0.0855824  5.96239e-05       0.1037            0            0            0            0            0            0            0            0            0            0            0            0            0            0
    0.679193      1.10143            0      2.49837   0.00919007    -0.704714   -0.0946532    -0.257409    0.0155558    0.0019557            0            0            0            0            0            0            0
    -1.21195     -1.42261            0   0.00919007      2.67147   -0.0873771     0.776797  -0.00240103    -0.111194 -0.000153239            0            0            0            0            0            0            0
   -0.205437    -0.372048            0    -0.704714   -0.0873771     0.374558   -0.0134218     0.213449  -0.00783334  -0.00249422            0            0            0            0            0            0            0
   -0.404556    -0.673582            0   -0.0946532     0.776797   -0.0134218     0.533471   0.00724322     0.135684 -0.000314119            0            0            0            0            0            0            0
   -0.178295    -0.258727            0    -0.257409  -0.00240103     0.213449   0.00724322     0.195692   0.00195756  -0.00127946            0            0            0            0            0            0            0
    0.114422   -0.0179072            0    0.0155558    -0.111194  -0.00783334     0.135684   0.00195756     0.243284  9.91765e-09            0            0            0            0            0            0            0
-0.000525128   0.00153473            0    0.0019557 -0.000153239  -0.00249422 -0.000314119  -0.00127946  9.91765e-09       0.0027            0            0            0            0            0            0            0
    -1.48962      1.03682            0            0            0            0            0            0            0            0       2.1505    0.0239384    -0.495624    -0.350892     0.338814     0.199281  -0.00188591
     1.60823     -1.30918            0            0            0            0            0            0            0            0    0.0239384      1.82497     0.553131    -0.268984   -0.0778148      0.22783  -0.00186045
    0.901971    -0.956156            0            0            0            0            0            0            0            0    -0.495624     0.553131     0.640953   -0.0409791    -0.109075     0.175302   0.00100176
   -0.200739      0.48817            0            0            0            0            0            0            0            0    -0.350892    -0.268984   -0.0409791     0.452526     -0.15406   -0.0692346   0.00247073
   0.0865259  -0.00624606            0            0            0            0            0            0            0            0     0.338814   -0.0778148    -0.109075     -0.15406     0.236838   0.00076482 -0.000616311
    0.046677    -0.164164            0            0            0            0            0            0            0            0     0.199281      0.22783     0.175302   -0.0692346   0.00076482     0.243351  9.91765e-09
 0.000144093  0.000396962            0            0            0            0            0            0            0            0  -0.00188591  -0.00186045   0.00100176   0.00247073 -0.000616311  9.91765e-09       0.0027


     22.4139      -0.6307    0.0855824     0.679193     -1.21195    -0.205437    -0.404556    -0.178295     0.114422 -0.000525128     -1.48962      1.60823     0.901971    -0.200739    0.0865259     0.046677  0.000144093
     -0.6307        5.927  5.96239e-05      1.10143     -1.42261    -0.372048    -0.673582    -0.258727   -0.0179072   0.00153473      1.03682     -1.30918    -0.956156      0.48817  -0.00624606    -0.164164  0.000396962
   0.0855824  5.96239e-05       0.1037            0            0            0            0            0            0            0            0            0            0            0            0            0            0
    0.679193      1.10143            0      2.49837   0.00919007    -0.704714   -0.0946532    -0.257409    0.0155558    0.0019557            0            0            0            0            0            0            0
    -1.21195     -1.42261            0   0.00919007      2.67147   -0.0873771     0.776797  -0.00240103    -0.111194 -0.000153239            0            0            0            0            0            0            0
   -0.205437    -0.372048            0    -0.704714   -0.0873771     0.374558   -0.0134218     0.213449  -0.00783334  -0.00249422            0            0            0            0            0            0            0
   -0.404556    -0.673582            0   -0.0946532     0.776797   -0.0134218     0.533471   0.00724322     0.135684 -0.000314119            0            0            0            0            0            0            0
   -0.178295    -0.258727            0    -0.257409  -0.00240103     0.213449   0.00724322     0.195692   0.00195756  -0.00127946            0            0            0            0            0            0            0
    0.114422   -0.0179072            0    0.0155558    -0.111194  -0.00783334     0.135684   0.00195756     0.243284  9.91765e-09            0            0            0            0            0            0            0
-0.000525128   0.00153473            0    0.0019557 -0.000153239  -0.00249422 -0.000314119  -0.00127946  9.91765e-09       0.0027            0            0            0            0            0            0            0
    -1.48962      1.03682            0            0            0            0            0            0            0            0       2.1505    0.0239384    -0.495624    -0.350892     0.338814     0.199281  -0.00188591
     1.60823     -1.30918            0            0            0            0            0            0            0            0    0.0239384      1.82497     0.553131    -0.268984   -0.0778148      0.22783  -0.00186045
    0.901971    -0.956156            0            0            0            0            0            0            0            0    -0.495624     0.553131     0.640953   -0.0409791    -0.109075     0.175302   0.00100176
   -0.200739      0.48817            0            0            0            0            0            0            0            0    -0.350892    -0.268984   -0.0409791     0.452526     -0.15406   -0.0692346   0.00247073
   0.0865259  -0.00624606            0            0            0            0            0            0            0            0     0.338814   -0.0778148    -0.109075     -0.15406     0.236838   0.00076482 -0.000616311
    0.046677    -0.164164            0            0            0            0            0            0            0            0     0.199281      0.22783     0.175302   -0.0692346   0.00076482     0.243351  9.91765e-09
 0.000144093  0.000396962            0            0            0            0            0            0            0            0  -0.00188591  -0.00186045   0.00100176   0.00247073 -0.000616311  9.91765e-09       0.0027


     22.4139      -0.6307    0.0855824     0.679193     -1.21195    -0.205437    -0.404556    -0.178295     0.114422 -0.000525128     -1.48962      1.60823     0.901971    -0.200739    0.0865259     0.046677  0.000144093
     -0.6307        5.927  5.96239e-05      1.10143     -1.42261    -0.372048    -0.673582    -0.258727   -0.0179072   0.00153473      1.03682     -1.30918    -0.956156      0.48817  -0.00624606    -0.164164  0.000396962
   0.0855824  5.96239e-05       0.1037            0            0            0            0            0            0            0            0            0            0            0            0            0            0
    0.679193      1.10143            0      2.49837   0.00919007    -0.704714   -0.0946532    -0.257409    0.0155558    0.0019557            0            0            0            0            0            0            0
    -1.21195     -1.42261            0   0.00919007      2.67147   -0.0873771     0.776797  -0.00240103    -0.111194 -0.000153239            0            0            0            0            0            0            0
   -0.205437    -0.372048            0    -0.704714   -0.0873771     0.374558   -0.0134218     0.213449  -0.00783334  -0.00249422            0            0            0            0            0            0            0
   -0.404556    -0.673582            0   -0.0946532     0.776797   -0.0134218     0.533471   0.00724322     0.135684 -0.000314119            0            0            0            0            0            0            0
   -0.178295    -0.258727            0    -0.257409  -0.00240103     0.213449   0.00724322     0.195692   0.00195756  -0.00127946            0            0            0            0            0            0            0
    0.114422   -0.0179072            0    0.0155558    -0.111194  -0.00783334     0.135684   0.00195756     0.243284  9.91765e-09            0            0            0            0            0            0            0
-0.000525128   0.00153473            0    0.0019557 -0.000153239  -0.00249422 -0.000314119  -0.00127946  9.91765e-09       0.0027            0            0            0            0            0            0            0
    -1.48962      1.03682            0            0            0            0            0            0            0            0       2.1505    0.0239384    -0.495624    -0.350892     0.338814     0.199281  -0.00188591
     1.60823     -1.30918            0            0            0            0            0            0            0            0    0.0239384      1.82497     0.553131    -0.268984   -0.0778148      0.22783  -0.00186045
    0.901971    -0.956156            0            0            0            0            0            0            0            0    -0.495624     0.553131     0.640953   -0.0409791    -0.109075     0.175302   0.00100176
   -0.200739      0.48817            0            0            0            0            0            0            0            0    -0.350892    -0.268984   -0.0409791     0.452526     -0.15406   -0.0692346   0.00247073
   0.0865259  -0.00624606            0            0            0            0            0            0            0            0     0.338814   -0.0778148    -0.109075     -0.15406     0.236838   0.00076482 -0.000616311
    0.046677    -0.164164            0            0            0            0            0            0            0            0     0.199281      0.22783     0.175302   -0.0692346   0.00076482     0.243351  9.91765e-09
 0.000144093  0.000396962            0            0            0            0            0            0            0            0  -0.00188591  -0.00186045   0.00100176   0.00247073 -0.000616311  9.91765e-09       0.0027


     22.4139      -0.6307    0.0855824     0.679193     -1.21195    -0.205437    -0.404556    -0.178295     0.114422 -0.000525128     -1.48962      1.60823     0.901971    -0.200739    0.0865259     0.046677  0.000144093
     -0.6307        5.927  5.96239e-05      1.10143     -1.42261    -0.372048    -0.673582    -0.258727   -0.0179072   0.00153473      1.03682     -1.30918    -0.956156      0.48817  -0.00624606    -0.164164  0.000396962
   0.0855824  5.96239e-05       0.1037            0            0            0            0            0            0            0            0            0            0            0            0            0            0
    0.679193      1.10143            0      2.49837   0.00919007    -0.704714   -0.0946532    -0.257409    0.0155558    0.0019557            0            0            0            0            0            0            0
    -1.21195     -1.42261            0   0.00919007      2.67147   -0.0873771     0.776797  -0.00240103    -0.111194 -0.000153239            0            0            0            0            0            0            0
   -0.205437    -0.372048            0    -0.704714   -0.0873771     0.374558   -0.0134218     0.213449  -0.00783334  -0.00249422            0            0            0            0            0            0            0
   -0.404556    -0.673582            0   -0.0946532     0.776797   -0.0134218     0.533471   0.00724322     0.135684 -0.000314119            0            0            0            0            0            0            0
   -0.178295    -0.258727            0    -0.257409  -0.00240103     0.213449   0.00724322     0.195692   0.00195756  -0.00127946            0            0            0            0            0            0            0
    0.114422   -0.0179072            0    0.0155558    -0.111194  -0.00783334     0.135684   0.00195756     0.243284  9.91765e-09            0            0            0            0            0            0            0
-0.000525128   0.00153473            0    0.0019557 -0.000153239  -0.00249422 -0.000314119  -0.00127946  9.91765e-09       0.0027            0            0            0            0            0            0            0
    -1.48962      1.03682            0            0            0            0            0            0            0            0       2.1505    0.0239384    -0.495624    -0.350892     0.338814     0.199281  -0.00188591
     1.60823     -1.30918            0            0            0            0            0            0            0            0    0.0239384      1.82497     0.553131    -0.268984   -0.0778148      0.22783  -0.00186045
    0.901971    -0.956156            0            0            0            0            0            0            0            0    -0.495624     0.553131     0.640953   -0.0409791    -0.109075     0.175302   0.00100176
   -0.200739      0.48817            0            0            0            0            0            0            0            0    -0.350892    -0.268984   -0.0409791     0.452526     -0.15406   -0.0692346   0.00247073
   0.0865259  -0.00624606            0            0            0            0            0            0            0            0     0.338814   -0.0778148    -0.109075     -0.15406     0.236838   0.00076482 -0.000616311
    0.046677    -0.164164            0            0            0            0            0            0            0            0     0.199281      0.22783     0.175302   -0.0692346   0.00076482     0.243351  9.91765e-09
 0.000144093  0.000396962            0            0            0            0            0            0            0            0  -0.00188591  -0.00186045   0.00100176   0.00247073 -0.000616311  9.91765e-09       0.0027


     37.4538      -3.4925     0.105288   -0.0865503     0.856911    -0.442497     -1.27459    -0.293438    -0.546953    0.0001416       4.3128     -3.09689     0.988893    -0.815159    -0.299192     0.354619   0.00145733
     -3.4925      7.59832  0.000101787     0.943833      1.51289      -0.9863    -0.180547    -0.371387    -0.128371   0.00246833     -1.98858    0.0287443     -0.38327     0.284515     0.186559    -0.186301 -0.000168017
    0.105288  0.000101787       0.1037            0            0            0            0            0            0            0            0            0            0            0            0            0            0
  -0.0865503     0.943833            0      2.75569     0.205865     0.041423     0.995388    0.0850513     0.118955 -0.000708408            0            0            0            0            0            0            0
    0.856911      1.51289            0     0.205865      2.02075     -0.79601     0.160543    -0.167661    0.0703423   0.00184858            0            0            0            0            0            0            0
   -0.442497      -0.9863            0     0.041423     -0.79601     0.836466   -0.0174429     0.350339   -0.0739281  -0.00177271            0            0            0            0            0            0            0
    -1.27459    -0.180547            0     0.995388     0.160543   -0.0174429     0.879683    0.0695133      0.30445 -0.000701845            0            0            0            0            0            0            0
   -0.293438    -0.371387            0    0.0850513    -0.167661     0.350339    0.0695133     0.224766  -0.00140565  0.000860563            0            0            0            0            0            0            0
   -0.546953    -0.128371            0     0.118955    0.0703423   -0.0739281      0.30445  -0.00140565      0.24363  9.91765e-09            0            0            0            0            0            0            0
   0.0001416   0.00246833            0 -0.000708408   0.00184858  -0.00177271 -0.000701845  0.000860563  9.91765e-09       0.0027            0            0            0            0            0            0            0
