     21.5621     0.782796    0.0959926      1.50614     0.468213     -1.00428      1.01961    -0.207429    -0.494937  -0.00152786     -1.10431    -0.605127     0.028387    -0.011664    0.0341254    -0.285972  -0.00120398
    0.782796        7.039 -8.23241e-07      1.25294      0.51302     -1.20363    -0.255581    -0.331392   -0.0466314   0.00168707      2.76363     0.155378    -0.229877     0.846021    -0.203972     0.010326  0.000593462
   0.0959926 -8.23241e-07       0.1037            0            0            0            0            0            0            0            0            0            0            0            0            0            0
     1.50614      1.25294            0      1.24898    0.0530572    -0.464172   -0.0388796   -0.0447275   -0.0115177   0.00207835            0            0            0            0            0            0            0
    0.468213      0.51302            0    0.0530572      1.79666    0.0393647    -0.630685   -0.0500022     0.184122  0.000112842            0            0            0            0            0            0            0
    -1.00428     -1.20363            0    -0.464172    0.0393647     0.737476   -0.0372482     0.190403    0.0805163  -0.00230025            0            0            0            0            0            0            0
     1.01961    -0.255581            0   -0.0388796    -0.630685   -0.0372482      1.10308    0.0606587    -0.413657  -0.00032439            0            0            0            0            0            0            0
   -0.207429    -0.331392            0   -0.0447275   -0.0500022     0.190403    0.0606587    0.0990964  -0.00323296   0.00213997            0            0            0            0            0            0            0
   -0.494937   -0.0466314            0   -0.0115177     0.184122    0.0805163    -0.413657  -0.00323296     0.243665  9.91765e-09            0            0            0            0            0            0            0
 -0.00152786   0.00168707            0   0.00207835  0.000112842  -0.00230025  -0.00032439   0.00213997  9.91765e-09       0.0027            0            0            0            0            0            0            0
    -1.10431      2.76363            0            0            0            0            0            0            0            0      3.11407     0.109412    -0.029585      1.08834   -0.0109237   -0.0801203  0.000308436
   -0.605127     0.155378            0            0            0            0            0            0            0            0     0.109412      3.20141     0.293552   -0.0223543     0.389764  -0.00735487    -0.002536
    0.028387    -0.229877            0            0            0            0            0            0            0            0    -0.029585     0.293552     0.209613   -0.0410367     0.202344   0.00554372 -0.000758755
   -0.011664     0.846021            0            0            0            0            0            0            0            0      1.08834   -0.0223543   -0.0410367     0.568742   -0.0285021    -0.154625  0.000682698
   0.0341254    -0.203972            0            0            0            0            0            0            0            0   -0.0109237     0.389764     0.202344   -0.0285021     0.215854   0.00154328  -0.00100588
   -0.285972     0.010326            0            0            0            0            0            0            0            0   -0.0801203  -0.00735487   0.00554372    -0.154625   0.00154328     0.243669  9.91765e-09
 -0.00120398  0.000593462            0            0            0            0            0            0            0            0  0.000308436    -0.002536 -0.000758755  0.000682698  -0.00100588  9.91765e-09       0.0027


     21.5621     0.782796    0.0959926      1.50614     0.468213     -1.00428      1.01961    -0.207429    -0.494937  -0.00152786     -1.10431    -0.605127     0.028387    -0.011664    0.0341254    -0.285972  -0.00120398
    0.782796        7.039 -8.23241e-07      1.25294      0.51302     -1.20363    -0.255581    -0.331392   -0.0466314   0.00168707      2.76363     0.155378    -0.229877     0.846021    -0.203972     0.010326  0.000593462
   0.0959926 -8.23241e-07       0.1037            0            0            0            0            0            0            0            0            0            0            0            0            0            0
     1.50614      1.25294            0      1.24898    0.0530572    -0.464172   -0.0388796   -0.0447275   -0.0115177   0.00207835            0            0            0            0            0            0            0
    0.468213      0.51302            0    0.0530572      1.79666    0.0393647    -0.630685   -0.0500022     0.184122  0.000112842            0            0            0            0            0            0            0
    -1.00428     -1.20363            0    -0.464172    0.0393647     0.737476   -0.0372482     0.190403    0.0805163  -0.00230025            0            0            0            0            0            0            0
     1.01961    -0.255581            0   -0.0388796    -0.630685   -0.0372482      1.10308    0.0606587    -0.413657  -0.00032439            0            0            0            0            0            0            0
   -0.207429    -0.331392            0   -0.0447275   -0.0500022     0.190403    0.0606587    0.0990964  -0.00323296   0.00213997            0            0            0            0            0            0            0
   -0.494937   -0.0466314            0   -0.0115177     0.184122    0.0805163    -0.413657  -0.00323296     0.243665  9.91765e-09            0            0            0            0            0            0            0
 -0.00152786   0.00168707            0   0.00207835  0.000112842  -0.00230025  -0.00032439   0.00213997  9.91765e-09       0.0027            0            0            0            0            0            0            0
    -1.10431      2.76363            0            0            0            0            0            0            0            0      3.11407     0.109412    -0.029585      1.08834   -0.0109237   -0.0801203  0.000308436
   -0.605127     0.155378            0            0            0            0            0            0            0            0     0.109412      3.20141     0.293552   -0.0223543     0.389764  -0.00735487    -0.002536
    0.028387    -0.229877            0            0            0            0            0            0            0            0    -0.029585     0.293552     0.209613   -0.0410367     0.202344   0.00554372 -0.000758755
   -0.011664     0.846021            0            0            0            0            0            0            0            0      1.08834   -0.0223543   -0.0410367     0.568742   -0.0285021    -0.154625  0.000682698
   0.0341254    -0.203972            0            0            0            0            0            0            0            0   -0.0109237     0.389764     0.202344   -0.0285021     0.215854   0.00154328  -0.00100588
   -0.285972     0.010326            0            0            0            0            0            0            0            0   -0.0801203  -0.00735487   0.00554372    -0.154625   0.00154328     0.243669  9.91765e-09
 -0.00120398  0.000593462            0            0            0            0            0            0            0            0  0.000308436    -0.002536 -0.000758755  0.000682698  -0.00100588  9.91765e-09       0.0027


     21.5621     0.782796    0.0959926      1.50614     0.468213     -1.00428      1.01961    -0.207429    -0.494937  -0.00152786     -1.10431    -0.605127     0.028387    -0.011664    0.0341254    -0.285972  -0.00120398
    0.782796        7.039 -8.23241e-07      1.25294      0.51302     -1.20363    -0.255581    -0.331392   -0.0466314   0.00168707      2.76363     0.155378    -0.229877     0.846021    -0.203972     0.010326  0.000593462
   0.0959926 -8.23241e-07       0.1037            0            0            0            0            0            0            0            0            0            0            0            0            0            0
     1.50614      1.25294            0      1.24898    0.0530572    -0.464172   -0.0388796   -0.0447275   -0.0115177   0.00207835            0            0            0            0            0            0            0
    0.468213      0.51302            0    0.0530572      1.79666    0.0393647    -0.630685   -0.0500022     0.184122  0.000112842            0            0            0            0            0            0            0
    -1.00428     -1.20363            0    -0.464172    0.0393647     0.737476   -0.0372482     0.190403    0.0805163  -0.00230025            0            0            0            0            0            0            0
     1.01961    -0.255581            0   -0.0388796    -0.630685   -0.0372482      1.10308    0.0606587    -0.413657  -0.00032439            0            0            0            0            0            0            0
   -0.207429    -0.331392            0   -0.0447275   -0.0500022     0.190403    0.0606587    0.0990964  -0.00323296   0.00213997            0            0            0            0            0            0            0
   -0.494937   -0.0466314            0   -0.0115177     0.184122    0.0805163    -0.413657  -0.00323296     0.243665  9.91765e-09            0            0            0            0            0            0            0
 -0.00152786   0.00168707            0   0.00207835  0.000112842  -0.00230025  -0.00032439   0.00213997  9.91765e-09       0.0027            0            0            0            0            0            0            0
    -1.10431      2.76363            0            0            0            0            0            0            0            0      3.11407     0.109412    -0.029585      1.08834   -0.0109237   -0.0801203  0.000308436
   -0.605127     0.155378            0            0            0            0            0            0            0            0     0.109412      3.20141     0.293552   -0.0223543     0.389764  -0.00735487    -0.002536
    0.028387    -0.229877            0            0            0            0            0            0            0            0    -0.029585     0.293552     0.209613   -0.0410367     0.202344   0.00554372 -0.000758755
   -0.011664     0.846021            0            0            0            0            0            0            0            0      1.08834   -0.0223543   -0.0410367     0.568742   -0.0285021    -0.154625  0.000682698
   0.0341254    -0.203972            0            0            0            0            0            0            0            0   -0.0109237     0.389764     0.202344   -0.0285021     0.215854   0.00154328  -0.00100588
   -0.285972     0.010326            0            0            0            0            0            0            0            0   -0.0801203  -0.00735487   0.00554372    -0.154625   0.00154328     0.243669  9.91765e-09
 -0.00120398  0.000593462            0            0            0            0            0            0            0            0  0.000308436    -0.002536 -0.000758755  0.000682698  -0.00100588  9.91765e-09       0.0027


     21.5621     0.782796    0.0959926      1.50614     0.468213     -1.00428      1.01961    -0.207429    -0.494937  -0.00152786     -1.10431    -0.605127     0.028387    -0.011664    0.0341254    -0.285972  -0.00120398
    0.782796        7.039 -8.23241e-07      1.25294      0.51302     -1.20363    -0.255581    -0.331392   -0.0466314   0.00168707      2.76363     0.155378    -0.229877     0.846021    -0.203972     0.010326  0.000593462
   0.0959926 -8.23241e-07       0.1037            0            0            0            0            0            0            0            0            0            0            0            0            0            0
     1.50614      1.25294            0      1.24898    0.0530572    -0.464172   -0.0388796   -0.0447275   -0.0115177   0.00207835            0            0            0            0            0            0            0
    0.468213      0.51302            0    0.0530572      1.79666    0.0393647    -0.630685   -0.0500022     0.184122  0.000112842            0            0            0            0            0            0            0
    -1.00428     -1.20363            0    -0.464172    0.0393647     0.737476   -0.0372482     0.190403    0.0805163  -0.00230025            0            0            0            0            0            0            0
     1.01961    -0.255581            0   -0.0388796    -0.630685   -0.0372482      1.10308    0.0606587    -0.413657  -0.00032439            0            0            0            0            0            0            0
   -0.207429    -0.331392            0   -0.0447275   -0.0500022     0.190403    0.0606587    0.0990964  -0.00323296   0.00213997            0            0            0            0            0            0            0
   -0.494937   -0.0466314            0   -0.0115177     0.184122    0.0805163    -0.413657  -0.00323296     0.243665  9.91765e-09            0            0            0            0            0            0            0
 -0.00152786   0.00168707            0   0.00207835  0.000112842  -0.00230025  -0.00032439   0.00213997  9.91765e-09       0.0027            0            0            0            0            0            0            0
    -1.10431      2.76363            0            0            0            0            0            0            0            0      3.11407     0.109412    -0.029585      1.08834   -0.0109237   -0.0801203  0.000308436
   -0.605127     0.155378            0            0            0            0            0            0            0            0     0.109412      3.20141     0.293552   -0.0223543     0.389764  -0.00735487    -0.002536
    0.028387    -0.229877            0            0            0            0            0            0            0            0    -0.029585     0.293552     0.209613   -0.0410367     0.202344   0.00554372 -0.000758755
   -0.011664     0.846021            0            0            0            0            0            0            0            0      1.08834   -0.0223543   -0.0410367     0.568742   -0.0285021    -0.154625  0.000682698
   0.0341254    -0.203972            0            0            0            0            0            0            0            0   -0.0109237     0.389764     0.202344   -0.0285021     0.215854   0.00154328  -0.00100588
   -0.285972     0.010326            0            0            0            0            0            0            0            0   -0.0801203  -0.00735487   0.00554372    -0.154625   0.00154328     0.243669  9.91765e-09
 -0.00120398  0.000593462            0            0            0            0            0            0            0            0  0.000308436    -0.002536 -0.000758755  0.000682698  -0.00100588  9.91765e-09       0.0027


